% -------------------------------------------------------------------
%  Generated by MATLAB on 2-Oct-2023 08:44:17
%  MATLAB version: 9.14.0.2337262 (R2023a) Update 5
% -------------------------------------------------------------------
                                 

A = ...
  [1 1 1;
   1 2 2;
   1 2 3];

A1 = ...
  [5 1 1;
   6 2 2;
   8 2 3];

A2 = ...
  [1 5 1;
   1 6 2;
   1 8 3];

A3 = ...
  [1 1 5;
   1 2 6;
   1 2 8];


ans = 2;

